{
 "cells": [
  {
   "cell_type": "markdown",
   "metadata": {},
   "source": [
    "# Frequency Calculations"
   ]
  },
  {
   "cell_type": "code",
   "execution_count": 1,
   "metadata": {
    "collapsed": true
   },
   "outputs": [],
   "source": [
    "import numpy as np"
   ]
  },
  {
   "cell_type": "code",
   "execution_count": 2,
   "metadata": {
    "collapsed": true
   },
   "outputs": [],
   "source": [
    "with open('qm_files/drop_0375_0qm_0mm.out') as f:\n",
    "    contents_qmoutput = f.read()"
   ]
  },
  {
   "cell_type": "markdown",
   "metadata": {},
   "source": [
    "## Advanced: calculate frequencies directly from the mass-weighted Hessian"
   ]
  },
  {
   "cell_type": "markdown",
   "metadata": {},
   "source": [
    "How can you prove to yourself that the frequencies printed at the end of a QM output are correct? We can take the Hessian (mass-weighted or otherwise), which is the second derivative of the energy with respect to nuclear displacements,"
   ]
  },
  {
   "cell_type": "markdown",
   "metadata": {},
   "source": [
    "$H_{ij} = \\frac{\\partial^{2} E}{\\partial x_{i} \\partial x_{j}}$,"
   ]
  },
  {
   "cell_type": "markdown",
   "metadata": {},
   "source": [
    "diagonalize it, and multiply the eigenvalues by some constants to obtain vibrational (normal mode) frequencies in wavenumbers.\n",
    "\n",
    "A useful resource for understanding this is given by http://sirius.chem.vt.edu/wiki/doku.php?id=crawdad:programming:project2, which most of this section is derived from.\n",
    "\n",
    "First, we need to locate the Hessian. If we can only find one that isn't mass-weighted, we'll need to do that too."
   ]
  },
  {
   "cell_type": "code",
   "execution_count": 3,
   "metadata": {
    "collapsed": false
   },
   "outputs": [],
   "source": [
    "contents_splitlines = contents_qmoutput.splitlines()"
   ]
  },
  {
   "cell_type": "code",
   "execution_count": 4,
   "metadata": {
    "collapsed": false
   },
   "outputs": [
    {
     "data": {
      "text/plain": [
       "[' Direct stationary perturbation theory relativistic correction:',\n",
       " ' ',\n",
       " ' rels  =       0.068935909736',\n",
       " ' relv  =      -0.274784382948',\n",
       " ' rel2e =       0.090968803792',\n",
       " ' E_rel =      -0.114879669420',\n",
       " ' ',\n",
       " ' Hessian of the SCF Energy',\n",
       " '            1           2           3           4           5           6',\n",
       " '    1   1.0247744  -0.8068231  -0.5202480  -0.5826944   0.4191537   0.2742436',\n",
       " '    2  -0.8068231   0.8607577   0.4729366   0.4286992  -0.4016804  -0.2244742',\n",
       " '    3  -0.5202480   0.4729366   0.4306138   0.2796608  -0.2238104  -0.2051113',\n",
       " '    4  -0.5826944   0.4286992   0.2796608   0.6023285  -0.4739293  -0.3091596',\n",
       " '    5   0.4191537  -0.4016804  -0.2238104  -0.4739293   0.4119744   0.2535997',\n",
       " '    6   0.2742436  -0.2244742  -0.2051113  -0.3091596   0.2535997   0.1885765',\n",
       " '    7  -0.4420800   0.3781240   0.2405872  -0.0196341   0.0547757   0.0349160',\n",
       " '    8   0.3876694  -0.4590773  -0.2491262   0.0452302  -0.0102940  -0.0291255',\n",
       " '    9   0.2460043  -0.2484624  -0.2255025   0.0294988  -0.0297893   0.0165348',\n",
       " '            7           8           9',\n",
       " '    1  -0.4420800   0.3876694   0.2460043',\n",
       " '    2   0.3781240  -0.4590773  -0.2484624',\n",
       " '    3   0.2405872  -0.2491262  -0.2255025',\n",
       " '    4  -0.0196341   0.0452302   0.0294988',\n",
       " '    5   0.0547757  -0.0102940  -0.0297893',\n",
       " '    6   0.0349160  -0.0291255   0.0165348',\n",
       " '    7   0.4617141  -0.4328996  -0.2755032',\n",
       " '    8  -0.4328996   0.4693714   0.2782517',\n",
       " '    9  -0.2755032   0.2782517   0.2089677',\n",
       " ' Gradient time:  CPU 21.70 s  wall 21.71 s',\n",
       " ' **********************************************************************']"
      ]
     },
     "execution_count": 4,
     "metadata": {},
     "output_type": "execute_result"
    }
   ],
   "source": [
    "contents_splitlines[340:370]"
   ]
  },
  {
   "cell_type": "markdown",
   "metadata": {},
   "source": [
    "There's a line `Hessian of the SCF Energy`, which sounds like it might not be mass-weighted. First, let's try and extract it."
   ]
  },
  {
   "cell_type": "code",
   "execution_count": 5,
   "metadata": {
    "collapsed": false
   },
   "outputs": [
    {
     "name": "stdout",
     "output_type": "stream",
     "text": [
      " Hessian of the SCF Energy\n",
      "            1           2           3           4           5           6\n",
      "    1   1.0247744  -0.8068231  -0.5202480  -0.5826944   0.4191537   0.2742436\n",
      "    2  -0.8068231   0.8607577   0.4729366   0.4286992  -0.4016804  -0.2244742\n",
      "    3  -0.5202480   0.4729366   0.4306138   0.2796608  -0.2238104  -0.2051113\n",
      "    4  -0.5826944   0.4286992   0.2796608   0.6023285  -0.4739293  -0.3091596\n",
      "    5   0.4191537  -0.4016804  -0.2238104  -0.4739293   0.4119744   0.2535997\n",
      "    6   0.2742436  -0.2244742  -0.2051113  -0.3091596   0.2535997   0.1885765\n",
      "    7  -0.4420800   0.3781240   0.2405872  -0.0196341   0.0547757   0.0349160\n",
      "    8   0.3876694  -0.4590773  -0.2491262   0.0452302  -0.0102940  -0.0291255\n",
      "    9   0.2460043  -0.2484624  -0.2255025   0.0294988  -0.0297893   0.0165348\n",
      "            7           8           9\n",
      "    1  -0.4420800   0.3876694   0.2460043\n",
      "    2   0.3781240  -0.4590773  -0.2484624\n",
      "    3   0.2405872  -0.2491262  -0.2255025\n",
      "    4  -0.0196341   0.0452302   0.0294988\n",
      "    5   0.0547757  -0.0102940  -0.0297893\n",
      "    6   0.0349160  -0.0291255   0.0165348\n",
      "    7   0.4617141  -0.4328996  -0.2755032\n",
      "    8  -0.4328996   0.4693714   0.2782517\n",
      "    9  -0.2755032   0.2782517   0.2089677\n"
     ]
    }
   ],
   "source": [
    "# lists are iterable, but not `iterators` themselves.\n",
    "contents_iter = iter(contents_splitlines)\n",
    "for line in contents_iter:\n",
    "    if 'Hessian of the SCF Energy' in line:\n",
    "        while 'Gradient time:' not in line:\n",
    "            print(line)\n",
    "            line = next(contents_iter)"
   ]
  },
  {
   "cell_type": "markdown",
   "metadata": {
    "collapsed": true
   },
   "source": [
    "The Hessian matrix should have $3N * 3N$ elements, where $N$ is the number of atoms; this is because each atom contributes 3 Cartesian coordinates, and it is two-dimensional because of the double derivative. By this logic, the gradient may be represented by a length $3N$ vector, and cubic force constants by an array of shape $[3N, 3N, 3N]$.\n",
    "\n",
    "Now that we can extract only the lines that contain the Hessian information, let's make a NumPy array that will hold the final results."
   ]
  },
  {
   "cell_type": "code",
   "execution_count": 6,
   "metadata": {
    "collapsed": true
   },
   "outputs": [],
   "source": [
    "N = 3\n",
    "hessian_scf = np.zeros(shape=(3*N, 3*N))"
   ]
  },
  {
   "cell_type": "markdown",
   "metadata": {},
   "source": [
    "Here comes the tricky Python bits. For matrices, Q-Chem prints a maximum of 6 columns per block; this info is necessary for keeping track of where we are during parsing."
   ]
  },
  {
   "cell_type": "code",
   "execution_count": 7,
   "metadata": {
    "collapsed": true
   },
   "outputs": [],
   "source": [
    "ncols_block = 6"
   ]
  },
  {
   "cell_type": "markdown",
   "metadata": {},
   "source": [
    "Here's the machinery that will do the actual iteration over the matrix, leaving out the part where the results are stored."
   ]
  },
  {
   "cell_type": "code",
   "execution_count": 8,
   "metadata": {
    "collapsed": false
   },
   "outputs": [
    {
     "name": "stdout",
     "output_type": "stream",
     "text": [
      "            1           2           3           4           5           6\n",
      "    1   1.0247744  -0.8068231  -0.5202480  -0.5826944   0.4191537   0.2742436\n",
      "    2  -0.8068231   0.8607577   0.4729366   0.4286992  -0.4016804  -0.2244742\n",
      "    3  -0.5202480   0.4729366   0.4306138   0.2796608  -0.2238104  -0.2051113\n",
      "    4  -0.5826944   0.4286992   0.2796608   0.6023285  -0.4739293  -0.3091596\n",
      "    5   0.4191537  -0.4016804  -0.2238104  -0.4739293   0.4119744   0.2535997\n",
      "    6   0.2742436  -0.2244742  -0.2051113  -0.3091596   0.2535997   0.1885765\n",
      "    7  -0.4420800   0.3781240   0.2405872  -0.0196341   0.0547757   0.0349160\n",
      "    8   0.3876694  -0.4590773  -0.2491262   0.0452302  -0.0102940  -0.0291255\n",
      "    9   0.2460043  -0.2484624  -0.2255025   0.0294988  -0.0297893   0.0165348\n",
      "            7           8           9\n",
      "    1  -0.4420800   0.3876694   0.2460043\n",
      "    2   0.3781240  -0.4590773  -0.2484624\n",
      "    3   0.2405872  -0.2491262  -0.2255025\n",
      "    4  -0.0196341   0.0452302   0.0294988\n",
      "    5   0.0547757  -0.0102940  -0.0297893\n",
      "    6   0.0349160  -0.0291255   0.0165348\n",
      "    7   0.4617141  -0.4328996  -0.2755032\n",
      "    8  -0.4328996   0.4693714   0.2782517\n",
      "    9  -0.2755032   0.2782517   0.2089677\n"
     ]
    }
   ],
   "source": [
    "contents_iter = iter(contents_splitlines)\n",
    "\n",
    "for line in contents_iter:\n",
    "    if 'Hessian of the SCF Energy' in line:\n",
    "        # skip the line containing the header\n",
    "        line = next(contents_iter)\n",
    "        \n",
    "        # keep track of how many \"columns\" there are left; better than searching\n",
    "        # for the gradient line\n",
    "        ncols_remaining = 3*N\n",
    "        while ncols_remaining > 0:\n",
    "            # this must be the column header\n",
    "            if len(line.split()) == min(ncols_block, ncols_remaining):\n",
    "                print(line)\n",
    "                ncols_remaining -= ncols_block\n",
    "                sline = line.split()\n",
    "                colmin, colmax = int(sline[0]) - 1, int(sline[-1])\n",
    "                line = next(contents_iter)\n",
    "            # iterate over the rows\n",
    "            for row in range(3*N):\n",
    "                print(line)\n",
    "                line = next(contents_iter)"
   ]
  },
  {
   "cell_type": "markdown",
   "metadata": {},
   "source": [
    "An important note: the Hessian (and all other matrices in the output) start from 1, but Python indices for lists and arrays start at 0; this is why `int() - 1` shows up. But why not for `colmax`? Because of how Python slicing for lists and arrays doesn't include the ending number. (Elaborate?)"
   ]
  },
  {
   "cell_type": "code",
   "execution_count": 9,
   "metadata": {
    "collapsed": false
   },
   "outputs": [],
   "source": [
    "contents_iter = iter(contents_splitlines)\n",
    "\n",
    "for line in contents_iter:\n",
    "    if 'Hessian of the SCF Energy' in line:\n",
    "        # skip the line containing the header\n",
    "        line = next(contents_iter)\n",
    "        \n",
    "        # keep track of how many \"columns\" there are left; better than searching\n",
    "        # for the gradient line\n",
    "        ncols_remaining = 3*N\n",
    "        while ncols_remaining > 0:\n",
    "            # this must be the column header\n",
    "            if len(line.split()) == min(ncols_block, ncols_remaining):\n",
    "                ncols_remaining -= ncols_block\n",
    "                sline = line.split()\n",
    "                colmin, colmax = int(sline[0]) - 1, int(sline[-1])\n",
    "                line = next(contents_iter)\n",
    "            # iterate over the rows\n",
    "            for row in range(3*N):\n",
    "                sline = line.split()\n",
    "                rowidx = int(sline[0]) - 1\n",
    "                hessian_scf[rowidx, colmin:colmax] = list(map(float, sline[1:]))\n",
    "                line = next(contents_iter)"
   ]
  },
  {
   "cell_type": "code",
   "execution_count": 10,
   "metadata": {
    "collapsed": false
   },
   "outputs": [
    {
     "data": {
      "text/plain": [
       "array([[ 1.0247744, -0.8068231, -0.520248 , -0.5826944,  0.4191537,\n",
       "         0.2742436, -0.44208  ,  0.3876694,  0.2460043],\n",
       "       [-0.8068231,  0.8607577,  0.4729366,  0.4286992, -0.4016804,\n",
       "        -0.2244742,  0.378124 , -0.4590773, -0.2484624],\n",
       "       [-0.520248 ,  0.4729366,  0.4306138,  0.2796608, -0.2238104,\n",
       "        -0.2051113,  0.2405872, -0.2491262, -0.2255025],\n",
       "       [-0.5826944,  0.4286992,  0.2796608,  0.6023285, -0.4739293,\n",
       "        -0.3091596, -0.0196341,  0.0452302,  0.0294988],\n",
       "       [ 0.4191537, -0.4016804, -0.2238104, -0.4739293,  0.4119744,\n",
       "         0.2535997,  0.0547757, -0.010294 , -0.0297893],\n",
       "       [ 0.2742436, -0.2244742, -0.2051113, -0.3091596,  0.2535997,\n",
       "         0.1885765,  0.034916 , -0.0291255,  0.0165348],\n",
       "       [-0.44208  ,  0.378124 ,  0.2405872, -0.0196341,  0.0547757,\n",
       "         0.034916 ,  0.4617141, -0.4328996, -0.2755032],\n",
       "       [ 0.3876694, -0.4590773, -0.2491262,  0.0452302, -0.010294 ,\n",
       "        -0.0291255, -0.4328996,  0.4693714,  0.2782517],\n",
       "       [ 0.2460043, -0.2484624, -0.2255025,  0.0294988, -0.0297893,\n",
       "         0.0165348, -0.2755032,  0.2782517,  0.2089677]])"
      ]
     },
     "execution_count": 10,
     "metadata": {},
     "output_type": "execute_result"
    }
   ],
   "source": [
    "hessian_scf"
   ]
  },
  {
   "cell_type": "markdown",
   "metadata": {},
   "source": [
    "The SCF Hessian has successfully been parsed from the output file and stored in a NumPy array. Since it needs to be mass-weighted, we need the masses of each atom. They're printed at the very end of the output file, and extracting them should be easier than for the Hessian."
   ]
  },
  {
   "cell_type": "code",
   "execution_count": 11,
   "metadata": {
    "collapsed": false
   },
   "outputs": [
    {
     "name": "stdout",
     "output_type": "stream",
     "text": [
      "['Atom', '1', 'Element', 'C', 'Has', 'Mass', '12.00000']\n",
      "['Atom', '2', 'Element', 'O', 'Has', 'Mass', '15.99491']\n",
      "['Atom', '3', 'Element', 'O', 'Has', 'Mass', '15.99491']\n"
     ]
    }
   ],
   "source": [
    "contents_iter = iter(contents_splitlines)\n",
    "\n",
    "for line in contents_iter:\n",
    "    if 'Zero point vibrational energy:' in line:\n",
    "        line = next(contents_iter)\n",
    "        line = next(contents_iter)\n",
    "        while 'Molecular Mass:' not in line:\n",
    "            print(line.split())\n",
    "            line = next(contents_iter)"
   ]
  },
  {
   "cell_type": "code",
   "execution_count": 12,
   "metadata": {
    "collapsed": false
   },
   "outputs": [],
   "source": [
    "masses = []\n",
    "\n",
    "contents_iter = iter(contents_splitlines)\n",
    "\n",
    "for line in contents_iter:\n",
    "    if 'Zero point vibrational energy:' in line:\n",
    "        line = next(contents_iter)\n",
    "        line = next(contents_iter)\n",
    "        while 'Molecular Mass:' not in line:\n",
    "            masses.append(float(line.split()[-1]))\n",
    "            line = next(contents_iter)"
   ]
  },
  {
   "cell_type": "code",
   "execution_count": 13,
   "metadata": {
    "collapsed": false
   },
   "outputs": [
    {
     "data": {
      "text/plain": [
       "[12.0, 15.99491, 15.99491]"
      ]
     },
     "execution_count": 13,
     "metadata": {},
     "output_type": "execute_result"
    }
   ],
   "source": [
    "masses"
   ]
  },
  {
   "cell_type": "markdown",
   "metadata": {},
   "source": [
    "Hopefully alarm bells are going off in your head right about now. **Units!** What units are we working in? Units units units!\n",
    "\n",
    "The masses above are in amu (https://en.wikipedia.org/wiki/Atomic_mass_unit).\n",
    "\n",
    "The SCF Hessian is certainly in atomic units (https://en.wikipedia.org/wiki/Atomic_units). Internally, all quantum chemistry programs work in atomic units. From Wikipedia:\n",
    "\n",
    "> This article deals with Hartree atomic units, where the numerical values of the following four fundamental physical constants are all unity by definition:\n",
    "\n",
    "> * Electron mass $m_\\text{e}$;\n",
    "> * Elementary charge $e$;\n",
    "> * Reduced Planck's constant $\\hbar = h/(2 \\pi)$;\n",
    "> * Coulomb's constant $k_\\text{e} = 1/(4 \\pi \\epsilon_0)$.\n",
    "\n",
    "Since the Hessian is the double derivative of the energy with respect to nuclear diplacements (which can be considered positions or lengths), it will have units of $[\\textrm{energy}][\\textrm{length}]^{-2}$, which in atomic units is $E_{\\textrm{h}}/a_{0}^{2}$ (hartree per bohr squared)."
   ]
  },
  {
   "cell_type": "markdown",
   "metadata": {},
   "source": [
    "Now to mass-weight the SCF Hessian. The ordering along each dimension of the matrix is first atom x-coord, first atom y-coord, first atom z-coord, second atom x-coord, and so on. This means that every three columns or rows, we switch to a new atom. We'll be able to use integer division (`// 3`) to accomplish this cleanly."
   ]
  },
  {
   "cell_type": "code",
   "execution_count": 14,
   "metadata": {
    "collapsed": true
   },
   "outputs": [],
   "source": [
    "# First, make a copy of the original Hessian array so we don't modify that one.\n",
    "hessian_mass_weighted = hessian_scf.copy()\n",
    "\n",
    "# We know the dimension a priori to be 3*N, but what if we don't? Use an array attribute!\n",
    "shape = hessian_mass_weighted.shape\n",
    "# shape is a tuple, here we \"unpack\" it.\n",
    "nrows, ncols = shape"
   ]
  },
  {
   "cell_type": "code",
   "execution_count": 15,
   "metadata": {
    "collapsed": true
   },
   "outputs": [],
   "source": [
    "import math"
   ]
  },
  {
   "cell_type": "code",
   "execution_count": 16,
   "metadata": {
    "collapsed": false
   },
   "outputs": [],
   "source": [
    "for i in range(nrows):\n",
    "    for j in range(ncols):\n",
    "        _denom = math.sqrt(masses[i // 3] * masses[j // 3])\n",
    "        hessian_mass_weighted[i, j] /= _denom"
   ]
  },
  {
   "cell_type": "code",
   "execution_count": 17,
   "metadata": {
    "collapsed": false,
    "scrolled": true
   },
   "outputs": [
    {
     "data": {
      "text/plain": [
       "array([[ 0.08539787, -0.06723526, -0.043354  , -0.04205904,  0.03025463,\n",
       "         0.01979498, -0.03190945,  0.02798208,  0.01775666],\n",
       "       [-0.06723526,  0.07172981,  0.03941138,  0.03094362, -0.0289934 ,\n",
       "        -0.01620261,  0.02729309, -0.03313632, -0.01793408],\n",
       "       [-0.043354  ,  0.03941138,  0.03588448,  0.02018599, -0.01615469,\n",
       "        -0.01480499,  0.01736565, -0.017982  , -0.01627683],\n",
       "       [-0.04205904,  0.03094362,  0.02018599,  0.03765751, -0.02963001,\n",
       "        -0.01932862, -0.00122752,  0.00282779,  0.00184426],\n",
       "       [ 0.03025463, -0.0289934 , -0.01615469, -0.02963001,  0.02575659,\n",
       "         0.01585503,  0.00342457, -0.00064358, -0.00186242],\n",
       "       [ 0.01979498, -0.01620261, -0.01480499, -0.01932862,  0.01585503,\n",
       "         0.01178978,  0.00218294, -0.00182092,  0.00103375],\n",
       "       [-0.03190945,  0.02729309,  0.01736565, -0.00122752,  0.00342457,\n",
       "         0.00218294,  0.02886631, -0.02706484, -0.01722443],\n",
       "       [ 0.02798208, -0.03313632, -0.017982  ,  0.00282779, -0.00064358,\n",
       "        -0.00182092, -0.02706484,  0.02934505,  0.01739627],\n",
       "       [ 0.01775666, -0.01793408, -0.01627683,  0.00184426, -0.00186242,\n",
       "         0.00103375, -0.01722443,  0.01739627,  0.01306464]])"
      ]
     },
     "execution_count": 17,
     "metadata": {},
     "output_type": "execute_result"
    }
   ],
   "source": [
    "hessian_mass_weighted"
   ]
  },
  {
   "cell_type": "markdown",
   "metadata": {},
   "source": [
    "We're ready to diagonalize the mass-weighted Hessian. If $\\textrm{F}^{M}$ is the mass-weighted Hessian matrix, then the eigensystem defined by"
   ]
  },
  {
   "cell_type": "markdown",
   "metadata": {},
   "source": [
    "$\\textrm{F}^{M} \\textbf{L} = \\textbf{L} \\Lambda$"
   ]
  },
  {
   "cell_type": "markdown",
   "metadata": {},
   "source": [
    "results in the eigenvectors $\\textbf{L}$, which are the **normal modes** of the system (the displacement vectors for each vibration, orthogonal to each other), and the eigenvalues $\\Lambda$, which are the frequencies associated with each normal mode."
   ]
  },
  {
   "cell_type": "code",
   "execution_count": 18,
   "metadata": {
    "collapsed": false,
    "scrolled": false
   },
   "outputs": [],
   "source": [
    "import scipy.linalg as spl"
   ]
  },
  {
   "cell_type": "code",
   "execution_count": 19,
   "metadata": {
    "collapsed": false
   },
   "outputs": [],
   "source": [
    "eigvals, eigvecs = spl.eig(hessian_mass_weighted)"
   ]
  },
  {
   "cell_type": "code",
   "execution_count": 20,
   "metadata": {
    "collapsed": false
   },
   "outputs": [
    {
     "name": "stdout",
     "output_type": "stream",
     "text": [
      "[  2.36146632e-01+0.j   7.52625239e-02+0.j   1.46285696e-02+0.j\n",
      "   1.44688883e-02+0.j  -5.00310212e-04+0.j  -5.14261190e-04+0.j\n",
      "   6.15887396e-09+0.j  -4.32646978e-09+0.j   4.40868351e-10+0.j]\n"
     ]
    }
   ],
   "source": [
    "print(eigvals)"
   ]
  },
  {
   "cell_type": "markdown",
   "metadata": {},
   "source": [
    "The Hessian is Hermitian, so we could use `spl.eigh`, and not return any complex values, but they're useful for illustrating a point to be made later on."
   ]
  },
  {
   "cell_type": "markdown",
   "metadata": {},
   "source": [
    "The eigenvalues of the mass-weighted Hessian will have the same units as the mass-weighted Hessian itself, which are ($[\\textrm{energy}][\\textrm{length}]^{-2}[\\textrm{mass}]^{-1}$), or $\\frac{E_{\\textrm{h}}}{a_{0}^{2}m_{\\textrm{e}}}$. These need to be converted to wavenumbers.\n",
    "\n",
    "I'll save everyone the trouble of doing this conversion; I've done it once and that was enough."
   ]
  },
  {
   "cell_type": "code",
   "execution_count": 21,
   "metadata": {
    "collapsed": false
   },
   "outputs": [],
   "source": [
    "bohr2m = 0.529177249e-10\n",
    "hartree2joule = 4.35974434e-18\n",
    "speed_of_light = 299792458\n",
    "avogadro = 6.0221413e+23"
   ]
  },
  {
   "cell_type": "code",
   "execution_count": 22,
   "metadata": {
    "collapsed": false,
    "scrolled": true
   },
   "outputs": [
    {
     "data": {
      "text/plain": [
       "5140.486777894163"
      ]
     },
     "execution_count": 22,
     "metadata": {},
     "output_type": "execute_result"
    }
   ],
   "source": [
    "vib_constant = math.sqrt((avogadro*hartree2joule*1000)/(bohr2m*bohr2m))/(2*math.pi*speed_of_light*100)\n",
    "vib_constant"
   ]
  },
  {
   "cell_type": "markdown",
   "metadata": {},
   "source": [
    "The vibrational frequencies are related to the square roots of the eigenvalues, multiplied by the above constant:"
   ]
  },
  {
   "cell_type": "markdown",
   "metadata": {},
   "source": [
    "$\\omega_{i} = \\textrm{constant} \\times \\sqrt{\\lambda_{i}}$"
   ]
  },
  {
   "cell_type": "code",
   "execution_count": 23,
   "metadata": {
    "collapsed": false
   },
   "outputs": [
    {
     "data": {
      "text/plain": [
       "array([  2.49801547e+03  +0.j        ,   1.41024197e+03  +0.j        ,\n",
       "         6.21734801e+02  +0.j        ,   6.18332151e+02  +0.j        ,\n",
       "         0.00000000e+00+114.98043046j,   0.00000000e+00+116.57250297j,\n",
       "         4.03417659e-01  +0.j        ,   0.00000000e+00  +0.33812017j,\n",
       "         1.07934108e-01  +0.j        ])"
      ]
     },
     "execution_count": 23,
     "metadata": {},
     "output_type": "execute_result"
    }
   ],
   "source": [
    "vibfreqs = np.sqrt(eigvals) * vib_constant\n",
    "vibfreqs"
   ]
  },
  {
   "cell_type": "markdown",
   "metadata": {},
   "source": [
    "Interesting! Some of our frequencies are imaginary, which NumPy handles properly (`math.sqrt(-1.0)` would throw an error). What does this mean?\n",
    "\n",
    "The eigenvalues of the full molecular Hessian contain not just vibrational frequencies, but those corresponding to rotational and translational motion (though one would want to convert those to periods from frequencies). For non-linear molecules, this results in $3N-6$ vibrations, after subtracting out the 3 translations and 3 rotations. For linear molecules, this is $3N-5$.\n",
    "\n",
    "Imaginary frequencies would normally mean we aren't at a stationary point on the potential energy surface (PES), but notice that these imaginary frequencies will be removed once we take into account translational and rotational motion. They could be zeroed out completely if one projects out translations and rotations from the Hessian, which we won't do for now."
   ]
  },
  {
   "cell_type": "code",
   "execution_count": 24,
   "metadata": {
    "collapsed": false
   },
   "outputs": [
    {
     "data": {
      "text/plain": [
       "array([ 2498.01547492,  1410.24196992,   621.73480085,   618.33215072])"
      ]
     },
     "execution_count": 24,
     "metadata": {},
     "output_type": "execute_result"
    }
   ],
   "source": [
    "vibfreqs_calculated = vibfreqs[:(3*N)-5].real\n",
    "vibfreqs_calculated"
   ]
  },
  {
   "cell_type": "markdown",
   "metadata": {},
   "source": [
    "How do the frequencies we've calculated compare with those printed in the output file?"
   ]
  },
  {
   "cell_type": "code",
   "execution_count": 25,
   "metadata": {
    "collapsed": true
   },
   "outputs": [],
   "source": [
    "vibfreqs_printed = [621.29, 1410.25, 2498.02]\n",
    "vibfreqs_printed.reverse()"
   ]
  },
  {
   "cell_type": "code",
   "execution_count": 26,
   "metadata": {
    "collapsed": true
   },
   "outputs": [],
   "source": [
    "%matplotlib inline\n",
    "import matplotlib.pyplot as plt"
   ]
  },
  {
   "cell_type": "code",
   "execution_count": 27,
   "metadata": {
    "collapsed": false
   },
   "outputs": [
    {
     "data": {
      "text/plain": [
       "<matplotlib.legend.Legend at 0x7f44bc1eab00>"
      ]
     },
     "execution_count": 27,
     "metadata": {},
     "output_type": "execute_result"
    },
    {
     "data": {
